function [matrix,sourcepos,goalpos] = matrix3
matrix = [1 1 1 1 1 1 1 1 1 1 1 1 1;
          1 1 5 0 0 0 0 0 0 0 1 0 1;
          1 0 1 0 0 0 0 0 0 0 1 0 1;
          1 0 0 0 1 1 1 1 1 0 0 0 1;
          1 0 0 0 1 2 0 0 0 0 0 0 1;
          1 0 0 0 1 1 1 0 0 0 0 0 1;
          1 0 0 0 0 0 1 0 0 0 0 0 1;
          1 0 1 0 0 0 1 0 0 1 1 1 1;
          1 1 0 0 0 0 0 0 0 0 0 0 1;
          1 1 1 1 1 1 1 1 1 1 1 1 1];
sourcepos = [2,3];
goalpos = [5,6];
end