function [matrix,sourcepos,goalpos] = matrix4
matrix = [1 1 1 1 1 1 1 1 1 1 1 1 1 1 1 1 1 1 1 1 1 1;
          1 0 0 0 0 0 0 0 0 0 0 0 0 0 0 0 0 0 0 0 0 1;
          1 0 1 0 0 0 1 0 1 0 0 1 0 1 0 1 1 1 1 1 0 1;
          1 0 1 1 0 1 1 0 1 0 0 1 0 1 0 1 0 0 0 1 0 1;
          1 0 1 0 1 5 1 0 1 0 0 1 0 1 0 1 1 0 1 1 0 1;
          1 0 1 0 0 0 1 0 1 1 1 1 0 1 0 1 0 0 0 1 0 1;
          1 0 0 0 0 0 0 0 0 0 0 0 0 0 0 0 0 0 0 0 0 1;
          1 0 1 1 1 1 1 0 1 1 1 1 1 1 0 1 1 1 1 1 0 1;
          1 0 0 0 0 0 1 0 1 0 0 0 0 0 0 1 2 0 0 1 0 1;
          1 0 0 0 0 0 1 0 1 0 0 0 0 0 0 1 0 1 0 1 0 1;
          1 0 1 1 1 1 1 0 1 1 1 1 0 0 0 1 1 0 1 1 0 1;
          1 0 1 0 0 0 0 0 1 0 0 0 0 0 0 1 0 0 0 1 0 1;
          1 0 1 0 0 0 0 0 1 0 0 0 0 0 0 1 0 0 0 1 0 1;
          1 0 0 0 0 0 0 0 0 0 0 0 0 0 0 0 0 0 0 0 0 1;
          1 1 1 1 1 1 1 1 1 1 1 1 1 1 1 1 1 1 1 1 1 1];
      
sourcepos = [5,6];
goalpos = [9,17];
end